 1      143      369      296

 2      143      266      369

 3      131      256      249

 4      144      258      295

 5      131      248      256

 6       36      249      252

 7      123      249      131

 8      136      248      258

 9       31      248      123

10       26      252      253

11      106      115      265

12      106      116      265

13      106      140      265

14      105      115      106

15      115      264      265

16      106      265      116

17      106      265      107

18      105      114      115

19      114      264      115

20      140      265      263

21      107      288      265

22      107      265      288

23      107      117      165

24      107      165      117

25      105      138      114

26      114      262      264

27      140      263      261

28      107      288      116

29      107      141      288

30      141      267      265

31      139      267      265

32      139      267      263

33      137      139      263

34      114      138      262

35      104      114      105

36      140      264      261

37      137      263      261

38        4      137      139

39      141      267      288

40      139      142      267

41      139      267      297

42      138      261      262

43      104      262      114

44      137      140      261

45       16      137      263

46       16      137      139

47      165      351      267

48      141      267      165

49      139      297      267

50       17      139      297

51      117      165      289

52      117      289      165

53      128      261      262

54      104      114      262

55      104      128      262

56      128      137      261

57       15       16      261

58      108      165      117

59      165      351      288

60      142      351      267

61      142      348      297

62      139      297      142

63       16       17      263

64        4       17       16

65        4      137       16

66      128      262      261

67      104      113      262

68       15      261      128

69      108      117      118

70        5       17      139

71       17      139      239

72      142      237      351

73      142      348      267

74      142      297      348

75      165      237      289

76        4        5       17

77      165      289      237

78        3        4       15

79      113      254      262

80       15      128      261

81      104      113      128

82        3      137       15

83      108      166      118

84      117      166      289

85      166      289      167

86      167      229      289

87      142      348      351

88      142      348      238

89      239      350      297

90       17       18      297

91        5        6       17

92      113      254      128

93       13       15      254

94      103      113      104

95        1       15      128

96      109      166      118

97      118      166      289

98      166      289      229

99      237      345      351

00      237      345      348

01      142      348      237

02      238      348      350

03       18      239      350

04        6      239       18

05      113      254      121

06       13      128      254

07        1       15       13

08      103      113      121

09      109      118      119

10      118      289      290

11      229      289      345

12      237      348      345

13      238      346      350

14      231      238      350

15      112      122      113

16       13      121      254

17        1      128       13

18      109      119      110

19      118      167      290

20      167      344      289

21      229      345      289

22      229      345      238

23      238      346      348

24      231      346      350

25      119      168      167

26      110      167      119

27      167      344      290

28      167      229      344

29      229      330      345

30      182      330      229

31      227      346      231

32      231      349      350

33      227      238      229

34      229      346      238

35      167      290      168

36      182      306      344

37        6      230       19

38      229      330      346

39      182      229      330

40      227      346      349

41      231      349      368

42        6      368       19

43        6      230      368

44      110      119      120

45      119      290      291

46      168      290      306

47      182      306      330

48        6       19      230

49      206      330      346

50      206      229      346

51      227      347      349

52      227      349      228

53      230      349      368

54      110      120      111

55      119      291      120

56      168      306      290

57      154      306      182

58      206      347      346

59      206      346      347

60      227      349      347

61      228      231      349

62      230      358      368

63      228      358      230

64      154      182      306

65       68      120      168

66       68      168      120

67      206      304      347

68      206      347      226

69      226      227      347

70      228      357      349

71      222      358      357

72      230      358      366

73       19      230      366

74        7      366       19

75      154      291      306

76      154      306      291

77      225      230      228

78      154      279      306

79      154      306      279

80      156      182      306

81      180      279      304

82      180      206      304

83      206      347      304

84      224      226      347

85      224      347      357

86      228      357      358

87      222      357      358

88      225      358      232

89      230      366      358

90        7      366      230

91        7      366        8

92       68      120      111

93       68      291      154

94       68      291      277

95       69      277      279

96       69      279      156

97      156      306      279

98      180      274      304

99      180      304      308

00      226      308      347

01      224      308      347

02      224      308      357

03      224      357      225

04      225      357      358

05      223      225      358

06      232      359      366

07        7        8      366

08        8      366       20

09       68      277      291

10       68       85       86

11       67       85       68

12       68      277       69

13       69       87      279

14       69      279       70

15      156      279      274

16      180      274      308

17      180      308      184

18      184      226      308

19      224      312      357

20      222      224      357

21      222      358      223

22      223      358      359

23      232      359      365

24        8      365       20

25       68       87      277

26       68      277       87

27       69       88      279

28       69      279       88

29       70      279      274

30      151      274      180

31      151      274      308

32      151      180      308

33      184      308      312

34        8      365      232

35        8      232      365

36      232      359      241

37      222      358      359

38      222      359      358

39        8       20      365

40       70       88      274

41       70      274      151

42      151      283      308

43      151      308      283

44      184      283      312

45      184      312      188

46      214      241      359

47      223      232      359

48      222      357      312

49        8      242      365

50        8       21       20

51       20      370      365

52       70       89      274

53       70      274       89

54       89      283      151

55      151      283      160

56      160      283      312

57      160      184      312

58      241      359      342

59      222      343      359

60      222      359      343

61      214      223      359

62      216      241      365

63        8        9       21

64       20       21      370

65       70       89       71

66       71       89      283

67       71      151      283

68      160      275      312

69      160      312      275

70      188      312      310

71      222      310      352

72      215      222      343

73      214      343      359

74      216      365      370

75      216      370      365

76      215      343      222

77      216      342      365

78      222      310      343

79       71      283       89

80       71      283       72

81       72      283      275

82      152      160      275

83      188      275      310

84      186      188      310

85       21      242      243

86        9       21      242

87      214      215      343

88      214      343      342

89      214      342      216

90      216      342      336

91      205      214      215

92      214      215      329

93      216      242      370

94      216      370      336

95       72       90      283

96       72       90      275

97       72      275      152

98      152      275      310

99      186      222      310

00      152      188      310

01      215      307      343

02      214      329      342

03      213      214      342

04        9       22       21

05       21      371      370

06      216      336      217

07      243      336      371

08       72       73      275

09       72      275       73

10      152      284      310

11      186      310      307

12      152      310      284

13      215      307      329

14      213      216      342

15      216      342      334

16      217      336      371

17      205      214      329

18      213      214      329

19        9       10       22

20       21      371      243

21      216      336      334

22       10       22      243

23       73       91      275

24       73      275      284

25      186      284      307

26      183      186      307

27      152      284      161

28      183      307      329

29      183      215      329

30      217      371      336

31      213      329      334

32      213      334      217

33       22      243      173

34      217      334      335

35       73       91      284

36       73      284      161

37      161      284      307

38      161      186      307

39      183      303      329

40      183      329      303

41      204      213      334

42      217      371      369

43      217      369      371

44      217      243      371

45       73       92      284

46       73      284       74

47      161      285      307

48      161      307      285

49      183      303      307

50      179      183      303

51      205      324      329

52      201      334      204

53       11       22      296

54      173      371      243

55       10       11       22

56       22      296      371

57      204      334      335

58      204      335      334

59       11      296       22

60       73      284       92

61       74      284      285

62      161      285      162

63      162      285      303

64      179      303      324

65      162      183      303

66      179      205      324

67      201      327      334

68      201      334      327

69      173      369      371

70      217      337      369

71      173      369      296

72      217      369      245

73      204      337      335

74      204      335      337

75       74      285      284

76       74      285      162

77      162      268      303

78      179      301      324

79      162      303      268

80      179      324      301

81      201      325      327

82      200      201      327

83      143      244      369

84      217      369      337

85       11      296      257

86       11      257      296

87      143      369      244

88      202      327      337

89      204      337      245

90       74       93      285

91       74      285       75

92       75      285      268

93      179      301      303

94      145      162      268

95      177      179      301

96      201      325      324

97      200      325      327

98      200      327      202

99       11      135      296

00      135      296      173

01      143      266      296

02      245      266      369

03      202      204      337

04      202      337      327

05       74      285       93

06       75      268      285

07       75      268      145

08      145      268      301

09      177      301      325

10      145      179      301

11      177      201      325

12      200      326      327

13      200      327      326

14      135      143      256

15      134      135      143

16      143      256      296

17      245      266      337

18      143      266      245

19      202      337      340

20      202      340      337

21       75       94      268

22       75      268       76

23      145      286      301

24      177      311      325

25      145      301      286

26      177      325      311

27      200      326      325

28      200      326      320

29       11       23      257

30      135      296      256

31      134      256      143

32      143      144      256

33      144      340      266

34      134      256      144

35      202      340      221

36      202      340      326

37       75      268       94

38       76      268      286

39      177      311      301

40      145      286      163

41      177      311      187

42      200      320      325

43      197      200      320

44      202      326      320

45       11      257       12

46       12      133      257

47      133      256      257

48      133      256      135

49      136      256      144

50      144      340      245

51      144      266      340

52      202      221      340

53      203      340      326

54       76      286      268

55       76      286      163

56      163      286      311

57      187      200      311

58      163      177      311

59      197      311      320

60      197      202      320

61      203      326      320

62       12       24      257

63       12      127      257

64      133      257      256

65      131      134      256

66      144      256      266

67      144      295      340

68      144      258      266

69       76       95      286

70       76      286       77

71      163      287      311

72      187      311      302

73      163      311      287

74      197      320      311

75      195      197      320

76      195      320      328

77       12       24      253

78       12      253      257

79      127      252      257

80      133      252      257

81      131      256      134

82      144      295      221

83       76      286       95

84       77      286      287

85      187      302      311

86      178      187      302

87      163      287      164

88      195      302      320

89      195      328      321

90      195      328      320

91        2      253       14

92        2      253       12

93      127      253      257

94      126      133      252

95      126      249      252

96      126      249      133

97      131      249      256

98      136      258      144

99      136      256      258

00       26      253      252

01      172      258      295

02      203      328      321

03       77      287      286

04       77      287      164

05      164      287      302

06      178      197      302

07      164      187      302

08      195      318      320

09      195      203      321

10      195      328      318

11        2       14      253

12        2       26      253

13       26      126      252

14       30      131      249

15       31      248      131

16      219      338      328

17      196      203      321

18       77       96      287

19       77      287       78

20      164      302      287

21      178      302      298

22      164      302      269

23      195      318      302

24      195      321      319

25      195      321      318

26       14      253       26

27       25       26      126

28       26      126       27

29       27      252      126

30       30      249       36

31       30      249      131

32       31      255      248

33      219      338      321

34      196      321      339

35       77      287       96

36       78      287      269

37      178      298      302

38      174      178      298

39      146      164      269

40      195      319      318

41      194      195      319

42      196      321      319

43       26       28      252

44       31      132       38

45       31       38      132

46       27       36      126

47       30       36      249

48       30      123      131

49       31      123      248

50       31      248      255

51       31      132      255

52      132      367      172

53      132      367      372

54      172      247      367

55      196      219      339

56      196      339      321

57       78      269      287

58       78      269      146

59      146      269      298

60      174      298      319

61      146      178      298

62      194      196      319

63      174      195      319

64      218      321      319

65       25       30       27

66       31      255       38

67      132      372      367

68       38      132      372

69      220      367      364

70      220      367      339

71      196      339      218

72      218      339      321

73       78      269       96

74       78      146      269

75      146      298      269

76      174      319      298

77      146      298      293

78      194      319      235

79      174      319      309

80      218      341      319

81      247      367      364

82      130      247      372

83      220      364      240

84      220      339      363

85      218      339      363

86      218      339      341

87       78      269       97

88       79      269      293

89      174      309      298

90      146      293      170

91      194      319      309

92      174      309      185

93      218      362      341

94      235      341      319

95      220      364      363

96      212      363      220

97      218      363      341

98       79      293      269

99       79      293      170

00      170      293      309

01      185      194      309

02      235      361      319

03      170      174      309

04      218      236      362

05      235      341      361

06      212      220      363

07      240      364      363

08      235      322      362

09       79      293       97

10       79      170      293

11      170      309      293

12      185      309      189

13      189      309      361

14      170      309      270

15       32      260       39

16       32       33      260

17      212      218      362

18      212      362      218

19      212      363      353

20      240      364      353

21      235      362      322

22       79      293       98

23       80      293      270

24      185      309      270

25      189      361      322

26      189      361      309

27      147      170      270

28       32       39      260

29       33      129      260

30      212      363      355

31      211      212      353

32      211      353      356

33      212      363      362

34      212      355      362

35       80      270      293

36       80      270      147

37      147      185      270

38      189      313      309

39      189      235      322

40      189      322      361

41      199      235      322

42      236      355      362

43       33      260      259

44      211      240      356

45       33      259      260

46      210      355      353

47      210      212      353

48      211      353      332

49      210      355      212

50       80      270       98

51       80      147      270

52      147      270      294

53      189      313      270

54      199      322      355

55      189      322      299

56      189      299      322

57      211      356      332

58      210      355      331

59      210      353      331

60      211      353      331

61      199      236      355

62       80      270       99

63       81      270      294

64      147      294      171

65      189      299      313

66      199      355      322

67       33      259       40

68       33      259      129

69      207      211      332

70      246      356      332

71      208      331      210

72      209      331      210

73      210      355      333

74      208      210      331

75      208      331      332

76      199      355      333

77       81      294      270

78       81      294      171

79      171      294      299

80      175      189      299

81      199      322      299

82      199      333      322

83       33       40      259

84       34      234      259

85      207      332      211

86      207      332      354

87      208      331      314

88      199      333      209

89       81      294       99

90       81      294      100

91      171      189      299

92      171      299      294

93      175      299      323

94      198      323      333

95       34      259      360

96      129      234      259

97       34      360      259

98      207      314      332

99      207      332      315

00      207      354      233

01      233      259      354

02      176      305      323

03      176      323      305

04      208      331      316

05      198      199      333

06       81      171      100

07      100      294      271

08      171      299      271

09      175      199      323

10      175      323      299

11      198      333      323

12       34       40      360

13      233      259      360

14       34      250      360

15      190      208      314

16      207      332      314

17      207      354      315

18      233      354      317

19      209      333      316

20      208      316      331

21      192      316      314

22      198      333      305

23       82      100      271

24      148      171      271

25      175      299      271

26      175      323      176

27      176      323      299

28       34       40      250

29      233      360      317

30       34      124      250

31      125      360      250

32      190      192      314

33      190      314      191

34      191      314      315

35      191      207      315

36      233      354      315

37      209      333      305

38      192      209      316

39      192      314      316

40      181      198      305

41       82      271      100

42       82      271      148

43      148      175      271

44      176      300      299

45      188      312      222

46      222      224      312

47       34       35      250

48      193      233      317

49      125      317      360

50      124      250      234

51      190      280      314

52      169      190      314

53      191      315      314

54      191      315      193

55      193      315      317

56      181      305      316

57      181      209      316

58      150      316      280

59      176      198      305

60       82      271      101

61       82      148      271

62      148      271      272

63      176      300      271

64      176      305      300

65       29       35       34

66       35      250      124

67      125      317      234

68      125      360      317

69       47      125      250

70       47      251      250

71      157      192      280

72      169      280      314

73      169      314      292

74      158      292      315

75      158      191      315

76      193      317      315

77      150      305      316

78      150      181      316

79      150      192      280

80      150      316      273

81      176      305      278

82       83      272      271

83       83      271      272

84      148      272      149

85      153      272      300

86      153      300      278

87       29       44       35

88       35       48      124

89       47      124      250

90      125      317      193

91      125      251      317

92       43      125       47

93       46      251       47

94      157      190      280

95      169      314      280

96      158      169      292

97      158      315      292

98      158      315      281

99      159      281      317

00      150      278      305

01      150      316      305

02       53      280      157

03       53      273      280

04      155      176      278

05       83      272      101

06       83      272      149

07      149      176      272

08      153      300      272

09      153      176      278

10      153      278      300

11       44       47       48

12       66      159      251

13      159      251      317

14       43       47       44

15       43       46       47

16       46       66      251

17       54      280      169

18       63      280      292

19       64      292      158

20       64      292      281

21      158      281      159

22      159      317      281

23      150      278      181

24      150      305      278

25       53      157      280

26       53      280      273

27       52      150      273

28       83      272      102

29      102      272      153

30      102      272      276

31       51      153      278

32       60      276      278

33       57      159       66

34       66      282      251

35       42       46       43

36       42       66       46

37       54      280       63

38       63      169      292

39       55       64      158

40       64      158      281

41       65      281      159

42       65      281      282

43       52      278      150

44       52      278      273

45       53      280       63

46       53      280       62

47       52      273       62

48       83      102       84

49       84      149      102

50       59      102      276

51       51      278       52

52       51       60      278

53       59      276       60

54       57       65       66

55       65      159      282

56       42       46       66

57       54       63       64

58       54      169       64

59       55       64       65

60       56      158       65

61       52      273      278

62       52      273       61

63       50      102       59

64       51      278       61

65       51       61      278

66       50       60       51

67       50       59       60

68       42       66       57

69       56       65       57

70       55       65       56

71       49      102       50

72       50       59      102

73       41       57       45

74       49       50      102

75      139      140      265

76      139      265      140

77      246      259      356

78      233      246      354

79      129      259      246

80      201      324      334

81      201      373      334

82      324      334      373

83      213      334      329

84      205      329      324

85      205      329      373

86      201      205      324

87      201      205      373

88      129      260      130

89      246      356      259

90      129      259      260

91      219      328      338

92      203      221      340

93      203      340      328

94       32       38      132

95       32      372      132

96       32      260       38

97       32      260      372

98      240      260      364

99      130      260      240

00      240      260      356

01      206      304      330

02      180      304      206

03      182      330      306

04      182      330      374

05      180      206      182

06       68       86      291

07       11      257      135

08      304      306      330

09      180      306      304

10      180      182      306

11      125      360      251

12       42       57       66

13       50       84      102

14        6      368       18

15        6      368      350

16        6       18      239

17        6      350      239

18      136      258      172

19      136      255      258

20      132      136      172

21      132      255      136

22      172      367      219

23      219      367      338

24      219      367      339

25      240      364      372

26      130      372      247

27      240      364      260

28      130      260      372

29      172      295      221

30      219      340      338

31      219      340      295

32      172      367      295

33      219      338      367
